0 0 0
1 2 2
1 3 4
2 5 6
3 6 8
4 8 10
4 10 11
5 11 13
6 13 15
7 15 17
7 16 19
8 18 21
9 19 23
10 21 25
10 23 27
11 24 29
12 26 30
13 27 32
13 29 34
14 31 36
15 32 38
16 34 40
16 35 42
17 37 44
18 39 46
18 40 48
19 42 49
20 44 51
21 45 53
21 47 55
22 48 57
23 50 59
24 52 61
24 53 63
25 55 65
26 56 67
27 58 69
27 60 70
28 61 72
29 63 74
30 64 76
30 66 78
31 68 80
32 69 82
33 71 84
33 73 86
34 74 88
35 76 89
35 77 91
36 79 93
37 81 95
38 82 97
38 84 99
39 85 101
40 87 103
41 89 105
41 90 107
42 92 108
43 94 110
44 95 112
44 97 114
45 98 116
46 100 118
47 102 120
48 103 121
51 105 119
53 107 117
56 109 115
59 111 113
62 113 111
65 115 109
67 117 108
70 119 106
73 120 104
76 122 102
78 124 100
81 126 98
84 128 96
87 130 94
90 132 92
92 134 90
95 136 88
98 138 87
101 140 85
104 142 83
106 143 81
109 145 79
112 147 77
115 149 75
118 151 73
120 153 71
123 155 69
126 157 68
129 159 66
131 161 64
134 163 62
137 165 60
140 166 58
143 168 56
145 170 54
148 172 52
151 174 50
154 176 49
157 178 47
159 180 45
162 182 43
165 184 41
168 186 39
171 188 37
173 189 35
176 191 33
179 193 31
182 195 29
184 197 28
187 199 26
190 201 24
193 203 22
196 205 20
198 207 18
201 209 16
204 211 14
207 212 12
210 214 10
212 216 9
215 218 7
218 220 5
221 222 3
223 224 1
225 223 0
226 220 0
226 216 0
227 213 0
227 209 0
228 205 0
228 202 0
229 198 0
229 195 0
229 191 0
230 188 0
230 184 0
231 181 0
231 177 0
232 174 0
232 170 0
233 167 0
233 163 0
234 160 0
234 156 0
235 153 0
235 149 0
236 146 0
236 142 0
237 138 0
237 135 0
238 131 0
238 128 0
239 124 0
239 121 0
240 117 0
240 114 0
241 110 0
241 107 0
242 103 0
242 100 0
243 96 0
243 93 0
244 89 0
244 86 0
245 82 0
245 78 0
245 75 0
246 71 0
246 68 0
247 64 0
247 61 0
248 57 0
248 54 0
249 50 0
249 47 0
250 43 0
250 40 0
251 36 0
251 33 0
252 29 0
252 26 0
253 22 0
253 19 0
254 15 0
254 11 0
255 8 0
255 4 0
255 1 0
253 0 3
249 0 7
245 0 11
241 0 15
237 0 19
233 0 23
229 0 27
225 0 31
221 0 35
217 0 39
213 0 43
209 0 47
205 0 51
201 0 55
197 0 59
193 0 63
189 0 67
185 0 71
181 0 75
177 0 79
173 0 83
169 0 87
164 0 91
160 0 95
156 0 99
152 0 103
148 0 107
144 0 111
140 0 115
136 0 119
132 0 123
128 0 127
124 0 131
120 0 135
116 0 139
112 0 143
108 0 147
104 0 151
100 0 155
96 0 159
92 0 163
88 0 168
84 0 172
80 0 176
76 0 180
72 0 184
68 0 188
64 0 192
60 0 196
56 0 200
52 0 204
48 0 208
44 0 212
40 0 216
36 0 220
32 0 224
28 0 228
24 0 232
20 0 236
16 0 240
12 0 244
8 0 248
4 0 252
0 0 255