0 0 0
1 1 2
1 2 3
2 3 5
3 4 6
4 5 8
4 6 9
5 7 11
6 8 12
7 9 14
7 10 15
8 11 17
9 13 18
10 14 20
10 15 22
11 16 23
12 17 25
13 18 26
13 19 28
14 20 29
15 21 31
16 22 32
16 23 34
17 24 35
18 25 37
18 26 38
19 27 40
20 28 42
21 29 43
21 30 45
22 31 46
23 32 48
24 33 49
24 34 51
25 35 52
26 36 54
27 38 55
27 39 57
28 40 58
29 41 60
30 42 62
30 43 63
31 44 65
32 45 66
33 46 68
33 47 69
34 48 71
35 49 72
35 50 74
36 51 75
37 52 77
38 53 79
38 54 80
39 55 82
40 56 83
41 57 85
41 58 86
42 59 88
43 60 89
44 62 91
44 63 92
45 64 94
46 65 95
47 66 97
47 67 98
47 67 99
47 67 100
47 68 101
47 68 102
47 69 103
47 69 105
47 69 106
47 70 107
47 70 108
47 71 109
47 71 110
47 71 111
47 72 112
47 72 113
48 73 114
48 73 115
48 73 116
48 74 117
48 74 118
48 75 119
48 75 120
48 75 121
48 76 122
48 76 123
48 77 124
48 77 125
48 77 126
48 78 127
48 78 128
48 79 129
48 79 130
48 79 131
48 80 132
48 80 133
48 81 134
48 81 135
48 81 136
48 82 137
48 82 138
48 83 139
48 83 140
48 83 141
48 84 142
48 84 143
48 85 144
48 85 145
48 85 146
48 86 147
48 86 148
48 87 149
48 87 150
48 87 151
48 88 152
48 88 153
48 89 154
49 89 155
49 89 156
49 90 157
49 90 158
49 91 159
49 91 161
49 91 162
49 92 163
49 92 163
49 92 163
49 93 163
50 93 163
50 93 163
50 93 162
50 94 162
51 94 162
51 94 162
51 95 162
51 95 162
52 95 162
52 95 162
52 96 162
52 96 161
53 96 161
53 97 161
53 97 161
53 97 161
54 97 161
54 98 161
54 98 161
54 98 161
55 99 160
55 99 160
55 99 160
55 99 160
56 100 160
56 100 160
56 100 160
56 100 160
57 101 160
57 101 160
57 101 159
57 102 159
58 102 159
58 102 159
58 102 159
58 103 159
59 103 159
59 103 159
59 104 159
59 104 158
60 104 158
60 104 158
60 105 158
61 105 158
61 105 158
61 105 158
61 106 158
62 106 158
62 106 157
62 107 157
62 107 157
63 107 157
63 107 157
63 108 157
63 108 157
64 108 157
64 109 157
64 109 156
64 109 156
65 109 156
65 110 156
66 111 157
68 112 159
69 114 160
70 115 162
72 117 164
73 118 165
75 120 167
76 121 168
78 123 170
79 124 171
81 126 173
82 127 174
84 129 176
85 130 178
87 132 179
88 133 181
90 135 182
91 136 184
93 138 185
94 139 187
96 141 189
97 142 190
99 144 192
100 145 193
102 147 195
103 148 196
105 150 198
106 151 199
108 153 201
109 154 203
111 156 204
112 157 206
114 159 207
115 160 209
117 162 210
118 163 212
120 165 214
121 166 215
123 168 217
124 169 218
126 170 220
127 172 221
129 173 223
130 175 224
132 176 226
133 178 228
135 179 229
136 181 231
138 182 232
139 184 234
141 185 235
142 187 237
144 188 239
145 190 240
147 191 242
148 193 243
150 194 245
151 196 246
153 197 248
154 199 250
155 200 251
157 202 253
158 203 254
160 205 255